{
 "cells": [
  {
   "cell_type": "markdown",
   "id": "96c638e3",
   "metadata": {},
   "source": [
    "# Camera calibration"
   ]
  },
  {
   "cell_type": "code",
   "execution_count": null,
   "id": "a38abdff",
   "metadata": {},
   "outputs": [],
   "source": [
    "import os\n",
    "import glob\n",
    "import cv2\n",
    "import copy\n",
    "import numpy as np\n",
    "from utils import *\n",
    "from utils.frame_extractor import frame_extractor"
   ]
  },
  {
   "cell_type": "markdown",
   "id": "285a5a8d",
   "metadata": {},
   "source": [
    "### Create calibration images"
   ]
  },
  {
   "cell_type": "code",
   "execution_count": null,
   "id": "95748e33",
   "metadata": {},
   "outputs": [],
   "source": [
    "data_folder = \"../data/calibration\"\n",
    "frame_extractor(camera_index=0, width=1280, height=720, output_dir=data_folder)"
   ]
  },
  {
   "cell_type": "markdown",
   "id": "4f9ca3d8",
   "metadata": {},
   "source": [
    "#### Load images"
   ]
  },
  {
   "cell_type": "code",
   "execution_count": null,
   "id": "39fa2171",
   "metadata": {},
   "outputs": [],
   "source": [
    "imgs_path = glob.glob(os.path.join(data_folder, '*.jpg'))\n",
    "imgs = [cv2.imread(img_path) for img_path in imgs_path]"
   ]
  },
  {
   "cell_type": "markdown",
   "id": "e27c86a1",
   "metadata": {},
   "source": [
    "#### Detect and refine corners"
   ]
  },
  {
   "cell_type": "code",
   "execution_count": 73,
   "id": "5c1843cb",
   "metadata": {},
   "outputs": [],
   "source": [
    "corners = [cv2.findChessboardCorners(imgs[i], (8,6)) for i in range(len(imgs))]\n",
    "for i, foto in enumerate(corners):\n",
    "    if not foto[0]:\n",
    "        print(f\"Corners on image {imgs_path[i]} couldn't be found\")\n",
    "corners_copy = copy.deepcopy(corners)\n",
    "criteria = (cv2.TERM_CRITERIA_EPS + cv2.TERM_CRITERIA_MAX_ITER, 27, 0.01)\n",
    "\n",
    "imgs_gray = [cv2.cvtColor(img, cv2.COLOR_BGR2GRAY) for img in imgs]\n",
    "\n",
    "corners_refined = [cv2.cornerSubPix(i, cor[1], (8, 6), (-1, -1), criteria) if cor[0] else [] for i, cor in zip(imgs_gray, corners_copy)]"
   ]
  },
  {
   "cell_type": "code",
   "execution_count": null,
   "id": "0ebfa396",
   "metadata": {},
   "outputs": [],
   "source": [
    "imgs_copy = copy.deepcopy(imgs)\n",
    "corners_drawn_imgs = [cv2.drawChessboardCorners(img_copy, (8,6), corner_r, True) for img_copy, corner, corner_r in zip(imgs_copy, corners, corners_refined) if corner[0]]\n",
    "output_dir = \"../results/calibration\"\n",
    "os.makedirs(output_dir, exist_ok=True)\n",
    "\n",
    "for i,image in enumerate(corners_drawn_imgs):\n",
    "    img_name = f\"{i}\"\n",
    "    u.show_image(image, img_name)\n",
    "    u.write_image(output_dir, img_name, image)"
   ]
  },
  {
   "cell_type": "markdown",
   "id": "bf0a8d27",
   "metadata": {},
   "source": [
    "#### Obtain parameters"
   ]
  },
  {
   "cell_type": "code",
   "execution_count": 75,
   "id": "b0799c33",
   "metadata": {},
   "outputs": [],
   "source": [
    "def get_chessboard_points(chessboard_shape, dx, dy):\n",
    "    puntos = []\n",
    "    for j in range(chessboard_shape[1]):\n",
    "        for i in range(chessboard_shape[0]):\n",
    "            puntos.append([dx*i, dy*j, 0])\n",
    "    return np.array(puntos, np.float32)"
   ]
  },
  {
   "cell_type": "code",
   "execution_count": 76,
   "id": "660d3e44",
   "metadata": {},
   "outputs": [],
   "source": [
    "chessboard_points = get_chessboard_points((8, 6), 27, 27)"
   ]
  },
  {
   "cell_type": "code",
   "execution_count": 77,
   "id": "869e0ee3",
   "metadata": {},
   "outputs": [
    {
     "name": "stdout",
     "output_type": "stream",
     "text": [
      "(720, 1280, 3)\n",
      "Intrinsics:\n",
      " [[968.7907546    0.         630.73825542]\n",
      " [  0.         966.89881871 376.66333399]\n",
      " [  0.           0.           1.        ]]\n",
      "Extrinsics:\n",
      " [array([[ 9.88158459e-01, -6.90212168e-02, -1.37036244e-01,\n",
      "        -2.56532868e+01],\n",
      "       [ 7.57634232e-02,  9.96127710e-01,  4.46036800e-02,\n",
      "        -7.19616389e+01],\n",
      "       [ 1.33427000e-01, -5.44578386e-02,  9.89561307e-01,\n",
      "         4.17175125e+02]]), array([[ 9.87564222e-01,  1.54769059e-01,  2.76305308e-02,\n",
      "        -1.26225620e+02],\n",
      "       [-1.53949857e-01,  9.16356668e-01,  3.69580706e-01,\n",
      "        -5.51693012e+01],\n",
      "       [ 3.18802371e-02, -3.69238399e-01,  9.28787734e-01,\n",
      "         4.09125841e+02]]), array([[ 9.82303768e-01,  1.85564410e-01, -2.53999265e-02,\n",
      "        -1.42781515e+02],\n",
      "       [-1.84239957e-01,  9.81748885e-01,  4.71674070e-02,\n",
      "        -5.20031946e+01],\n",
      "       [ 3.36889416e-02, -4.16530403e-02,  9.98564009e-01,\n",
      "         3.49027826e+02]]), array([[ 9.85471405e-01,  1.60631923e-01, -5.51678803e-02,\n",
      "        -5.42105338e+01],\n",
      "       [-1.49443261e-01,  9.74438347e-01,  1.67739738e-01,\n",
      "        -6.44749486e+01],\n",
      "       [ 8.07020548e-02, -1.57058248e-01,  9.84286485e-01,\n",
      "         3.73943634e+02]]), array([[ 8.86317025e-02, -9.86215477e-01, -1.39726354e-01,\n",
      "        -4.14662814e+01],\n",
      "       [ 8.72907199e-01,  9.33788559e-03,  4.87796910e-01,\n",
      "        -1.27456333e+02],\n",
      "       [-4.79768114e-01, -1.65202411e-01,  8.61702222e-01,\n",
      "         4.77706536e+02]]), array([[ 4.50962802e-02, -9.72112962e-01, -2.30136298e-01,\n",
      "        -3.57263132e+01],\n",
      "       [ 9.39152361e-01, -3.72724041e-02,  3.41472710e-01,\n",
      "        -9.40844104e+01],\n",
      "       [-3.40527780e-01, -2.31532196e-01,  9.11281336e-01,\n",
      "         4.59545668e+02]]), array([[-3.59804983e-02, -9.38469260e-01,  3.43483408e-01,\n",
      "         1.53083966e+02],\n",
      "       [ 9.30258776e-01,  9.41282133e-02,  3.54624433e-01,\n",
      "        -1.07206793e+02],\n",
      "       [-3.65135609e-01,  3.32288019e-01,  8.69632485e-01,\n",
      "         5.09187935e+02]]), array([[-1.51955179e-01, -9.17076597e-01,  3.68619233e-01,\n",
      "         1.70644336e+02],\n",
      "       [ 7.80983710e-01,  1.17175580e-01,  6.13460942e-01,\n",
      "        -9.13086935e+01],\n",
      "       [-6.05783846e-01,  3.81104183e-01,  6.98416447e-01,\n",
      "         5.45773594e+02]]), array([[ 1.23041438e-02, -9.92012422e-01,  1.25538689e-01,\n",
      "         1.49144592e+02],\n",
      "       [ 9.94697441e-01, -6.77199158e-04, -1.02842322e-01,\n",
      "        -9.20689000e+01],\n",
      "       [ 1.02105876e-01,  1.26138399e-01,  9.86743885e-01,\n",
      "         4.67094888e+02]]), array([[-3.42978273e-02, -9.11487185e-01,  4.09896049e-01,\n",
      "         1.45012636e+02],\n",
      "       [ 9.95344048e-01,  5.81261037e-03,  9.62103885e-02,\n",
      "        -1.01465185e+02],\n",
      "       [-9.00771022e-02,  4.11287400e-01,  9.07043985e-01,\n",
      "         4.41255696e+02]]), array([[-3.48412519e-01, -7.45319651e-01,  5.68425311e-01,\n",
      "         1.72626043e+02],\n",
      "       [ 6.95929353e-01,  2.00556855e-01,  6.89535557e-01,\n",
      "        -7.92846152e+01],\n",
      "       [-6.27925993e-01,  6.35826679e-01,  4.48813303e-01,\n",
      "         4.58453831e+02]]), array([[-9.68680312e-02, -9.58517916e-01,  2.68067137e-01,\n",
      "         1.21631566e+02],\n",
      "       [ 8.26597933e-01,  7.25460719e-02,  5.58097594e-01,\n",
      "        -8.17523673e+01],\n",
      "       [-5.54393761e-01,  2.75645556e-01,  7.85281533e-01,\n",
      "         4.64319787e+02]]), array([[ 7.52659171e-02,  9.79738822e-01,  1.85598711e-01,\n",
      "         1.77751042e+00],\n",
      "       [-9.94163979e-01,  5.93024726e-02,  9.01176997e-02,\n",
      "         9.52957194e+01],\n",
      "       [ 7.72853465e-02, -1.91298345e-01,  9.78484501e-01,\n",
      "         4.39572971e+02]]), array([[ 8.07321077e-02, -9.53199270e-01,  2.91364854e-01,\n",
      "        -3.30199797e+01],\n",
      "       [ 9.93263364e-01,  5.25574354e-02, -1.03274418e-01,\n",
      "        -7.97683428e+01],\n",
      "       [ 8.31277107e-02,  2.97739597e-01,  9.51020986e-01,\n",
      "         3.97608181e+02]]), array([[-1.32823680e-01,  6.41064050e-01, -7.55906577e-01,\n",
      "        -1.43537346e+02],\n",
      "       [-8.96185350e-01,  2.48066781e-01,  3.67851451e-01,\n",
      "         7.34764438e+01],\n",
      "       [ 4.23331653e-01,  7.26291784e-01,  5.41563068e-01,\n",
      "         3.50114453e+02]]), array([[ 2.50106433e-01,  7.99308420e-01, -5.46399874e-01,\n",
      "        -1.10608455e+02],\n",
      "       [-9.67354682e-01,  1.82459105e-01, -1.75879488e-01,\n",
      "         9.92105818e+01],\n",
      "       [-4.08863238e-02,  5.72551068e-01,  8.18848938e-01,\n",
      "         4.21815018e+02]]), array([[ 8.82280225e-01,  4.05165711e-01, -2.39629614e-01,\n",
      "        -1.52620940e+02],\n",
      "       [-2.15523099e-01,  8.00268881e-01,  5.59570828e-01,\n",
      "        -6.84148087e+01],\n",
      "       [ 4.18487035e-01, -4.42052559e-01,  7.93383978e-01,\n",
      "         4.55314143e+02]]), array([[ 9.10982723e-01,  1.01228476e-01, -3.99829056e-01,\n",
      "        -8.80159379e+01],\n",
      "       [-7.75422260e-02,  9.94162053e-01,  7.50267657e-02,\n",
      "        -5.91242936e+01],\n",
      "       [ 4.05089720e-01, -3.73444523e-02,  9.13513936e-01,\n",
      "         3.93881210e+02]]), array([[ 9.41357796e-01, -4.08683793e-02,  3.34925775e-01,\n",
      "        -1.24698677e+02],\n",
      "       [-1.88852727e-01,  7.58766370e-01,  6.23384507e-01,\n",
      "        -5.23220445e+01],\n",
      "       [-2.79607129e-01, -6.50079512e-01,  7.06552533e-01,\n",
      "         4.90420203e+02]]), array([[ 9.41037989e-01, -2.25010166e-01, -2.52622105e-01,\n",
      "        -1.01024946e+02],\n",
      "       [ 1.73381432e-01,  9.61990094e-01, -2.10983264e-01,\n",
      "        -5.03322062e+01],\n",
      "       [ 2.90493342e-01,  1.54743284e-01,  9.44281809e-01,\n",
      "         3.82499890e+02]]), array([[ 9.92464352e-01,  1.21470003e-01,  1.61104909e-02,\n",
      "        -1.58540943e+02],\n",
      "       [-9.86347904e-02,  8.69969085e-01, -4.83140734e-01,\n",
      "        -1.19856237e+01],\n",
      "       [-7.27027356e-02,  4.77910901e-01,  8.75394473e-01,\n",
      "         3.47648990e+02]])]\n",
      "Distortion coefficients:\n",
      " [[ 4.90730081e-02  2.20282851e-01 -4.17083608e-03 -2.95997034e-04\n",
      "  -1.63331786e+00]]\n",
      "Root mean squared reprojection error:\n",
      " 1.339847434901981\n"
     ]
    }
   ],
   "source": [
    "valid_corners = [cor[1] for cor in corners if cor[0]]\n",
    "# Convert list to numpy array\n",
    "valid_corners = np.asarray(valid_corners, dtype=np.float32)\n",
    "print(imgs_copy[1].shape)\n",
    "obj_points = [chessboard_points for _ in range(len(valid_corners))]\n",
    "rms, intrinsics, dist_coeffs, rvecs, tvecs = cv2.calibrateCamera(obj_points, valid_corners, (1280, 720), None, None)\n",
    "\n",
    "# Obtain extrinsics\n",
    "extrinsics = list(map(lambda rvec, tvec: np.hstack((cv2.Rodrigues(rvec)[0], tvec)), rvecs, tvecs))\n",
    "print(\"Intrinsics:\\n\", intrinsics)\n",
    "print(\"Extrinsics:\\n\", extrinsics)\n",
    "# Para la imagen 1 la matriz extrinseca es extrinsics[0]\n",
    "print(\"Distortion coefficients:\\n\", dist_coeffs)\n",
    "print(\"Root mean squared reprojection error:\\n\", rms)"
   ]
  }
 ],
 "metadata": {
  "kernelspec": {
   "display_name": "voi_lab",
   "language": "python",
   "name": "python3"
  },
  "language_info": {
   "codemirror_mode": {
    "name": "ipython",
    "version": 3
   },
   "file_extension": ".py",
   "mimetype": "text/x-python",
   "name": "python",
   "nbconvert_exporter": "python",
   "pygments_lexer": "ipython3",
   "version": "3.9.21"
  }
 },
 "nbformat": 4,
 "nbformat_minor": 5
}
